Sum : 0.699931(sec)
Count : 42
MaxTime : 0.033622(sec)
MinTime : 0.008180(sec)
Average : 0.016665(sec)