Sum : 148.883185(sec)
Count : 18
MaxTime : 14.496309(sec)
MinTime : 1.001244(sec)
Average : 8.271288(sec)