Sum : 10.033636(sec)
Count : 63
MaxTime : 0.408474(sec)
MinTime : 0.009637(sec)
Average : 0.159264(sec)